new_scores <- c(13,12,11,9,12,13,15,12,6,14)
grades <- new_scores/15

